COUNTERCLOCKWISE, arm = 312.5mm
command,kg1_CCW_push,kg2_CW_pull
0.1,0.0,0.0
0.2,0.06,0.0
0.3,0.09,0.0
0.4,0.115,0.0
0.5,0.155,0.0
0.6,0.195,0.0
0.7,0.265,0.0
0.8,0.390,0.03
0.9,0.445,0.215
1.0,0.545,0.315
1.1,0.630,0.360
1.2,0.850,0.410
1.3,0.910,0.500
1.4,0.870,0.430
1.5,0.940,0.605
1.6,0.945,0.480
1.7,1.070,0.500
1.8,1.115,0.545
1.9,1.140,0.560
2.0,1.290,0.630
2.1,0.940,0.630
2.2,1.280,0.765
2.3,1.500,0.810
2.4,1.250,0.940
2.5,1.500,1.070
2.6,1.740,1.095
2.7,1.855,1.165
2.8,1.845,1.000
2.9,1.845,1.165
3.0,1.935,0.850
3.1,2.000.1.205
3.2,1.940,1.185
3.3,2.055,1.255
3.4,1.910,1.460
3.5,1.955,1.220
3.6,2.180,1.315
3.7,2.050,0.945
3.8,2.050,1.625
3.9,2.175,1.430
4.0,2.655,1.685
4.1,2.530,1.220
4.2,2.500,1.680
4.3,2.500,1.710
4.4,2.500,1.825
4.5,2.445,1.580
4.6,2.635,1.480
4.7,2.500,1.965
4.8,2.725,1.760
4.9,2.845,1.970
5.0,2.875,2.000
5.1,3.250,1.735
5.2,3.195,2.260
5.3,3.000,1.950
5.4,2.960,1.845
5.5,3.190,2.105
5.6,2.935,2.475
5.7,2.935,2.275
5.8,3.000,2.450
5.9,3.360,2.395
6.0,3.060,2.295