#Compare filters    
    # Model Matching OFF RAW
    ( 'MM OFF raw',
    {"color":('b', 'b'),
     "marker":('^','^'), 
     "fillstyle":('full','full')} ,
     'raw',(
    ("eigen_normal_sil6.5n2_5.4kph.log", 5.4, (4486,4775), (-3.0, 5.5, 0.3, 1.0, 1.0)),
    ("eigen_normal_sil6.5n2_5.4kph.log", 5.4, (5420,5668), (-3.0, 5.5, 0.35, 1.0, 1.0)),
    ("eigen_normal_sil6.5n2_5.4kph.log", 5.4, (6325,6499), (-3.0, 5.5, -0.4, 1.0, 1.0)),
    ("eigen_normal_sil6.5n2_5.4kph.log", 5.4, (7349,7532), (-3.0, 5.5, -0.4, 1.0, 1.0)),
    ("eigen_normal_sil6.5n2_5.4kph.log", 5.4, (8984,9214), (-3.0, 5.5, 0.3, 1.0, 1.0)),
    ("eigen_normal_sil6.5n2_5.4kph.log", 5.4, (9750,9925), (-3.0, 5.5, -0.25, 1.0, 1.0)),
    ("eigen_normal_sil6.5n2_5.4kph.log", 5.4, (10600,10845), (-3.0, 5.5, 0.2, 1.0, 1.0)),
    ("eigen_normal_sil6.5n2_7.2kph.log", 7.2, (9870,10039), (-3.0, 7.5, -0.25, 1.0, 1.0)),
    ("eigen_normal_sil6.5n2_7.2kph.log", 7.2, (11024,11137), (-3.0, 7.5, -0.4, 1.0, 1.0)),
    ("eigen_normal_sil6.5n2_7.2kph.log", 7.2, (12689,12854), (-3.0, 7.5, -0.25, 1.0, 1.0)),
    ("eigen_normal_sil6.5n2_7.2kph.log", 7.2, (13773,13934), (-3.0, 7.5, -0.35, 1.0, 1.0)),
    ("eigen_normal_sil6.5n2_7.2kph.log", 7.2, (14886,15052), (-3.0, 7.5, 0.2, 1.0, 1.0)),
    ("eigen_normal_sil6.5n2_9kph.log", 9, (2121,2273), (-2.5, 8.5, -0.3, 1.0, 1.0)),
    ("eigen_normal_sil6.5n2_9kph.log", 9, (3002,3281), (-2.5, 8.5, 0.2, 1.0, 1.0)),
    ("eigen_normal_sil6.5n2_9kph.log", 9, (8673,8765), (-2.5, 8.5, -0.3, 1.0, 1.0)),
    ("eigen_normal_sil6.5n2_9kph.log", 9, (9613,9940), (-2.5, 8.5, -0.4, 1.0, 1.0)),
    ("eigen_normal_sil6.5n2_9kph.log", 9, (11049,11416), (-2.5, 8.5, -0.4, 1.0, 1.0)),
    ("eigen_normal_sil6.5n2_9kph.log", 9, (12487,12695), (-2.5, 8.5, 0.3, 1.0, 1.0)),
    ("eigen_normal_sil6.5n2_10.8kph.log", 10.8, (1573,1760), (-2.5, 9.5, 0.25, 1.0, 1.0)),
    ("eigen_normal_sil6.5n2_10.8kph.log", 10.8, (2601,2750), (-2.5, 9.5, 0.25, 1.0, 1.0)),
    ("eigen_normal_sil6.5n2_10.8kph.log", 10.8, (3577,3815), (-2.5, 9.5, -0.4, 1.0, 1.0)),
    ("eigen_normal_sil6.5n2_10.8kph.log", 10.8, (5682,5923), (-2.5, 9.5, 0.25, 1.0, 1.0)),
    ("eigen_normal_sil6.5n2_10.8kph.log", 10.8, (6527,6772), (-2.5, 9.5, -0.4, 1.0, 1.0)),
    ("eigen_normal_sil6.5n2_10.8kph.log", 10.8, (7471,7705), (-2.5, 9.5, -0.4, 1.0, 1.0)),
    ("eigen_normal_sil6.5n2_10.8kph.log", 10.8, (8371,8581), (-2.5, 9.5, -0.4, 1.0, 1.0)),
    ("eigen_normal_sil6.5n2_10.8kph.log", 10.8, (9424,9585), (-2.5, 9.5, -0.5, 1.0, 1.0)),
    ("eigen_normal_sil6.5n2_10.8kph.log", 10.8, (10187,10470), (-2.5, 9.5, -0.4, 1.0, 1.0)),
    ("eigen_normal_sil6.5n2_12.6kph.log", 12.6, (2028,2246), (-2.5, 10.0, -0.4, 1.0, 1.0)),
    ("eigen_normal_sil6.5n2_12.6kph.log", 12.6, (3053,3175), (-2.5, 10.0, -0.5, 1.0, 1.0)),
    ("eigen_normal_sil6.5n2_12.6kph.log", 12.6, (3983,4231), (-2.5, 10.0, -0.5, 1.0, 1.0)),
    ("eigen_normal_sil6.5n2_12.6kph.log", 12.6, (4982,5191), (-2.5, 10.0, -0.5, 1.0, 1.0)),
    ("eigen_normal_sil6.5n2_12.6kph.log", 12.6, (6881,7073), (-2.5, 10.0, -0.4, 1.0, 1.0)),
    ("eigen_normal_sil6.5n2_12.6kph.log", 12.6, (7898,8076), (-2.5, 10.0, -0.4, 1.0, 1.0)),
    ("eigen_normal_sil6.5n2_12.6kph.log", 12.6, (8749,8970), (-2.5, 10.0, 0.4, 1.0, 1.0)),
    ("eigen_normal_sil6.5n2_12.6kph.log", 12.6, (9733,9992), (-2.5, 10.0, -0.5, 1.0, 1.0)),
    ("eigen_normal_sil6.5n2_12.6kph.log", 12.6, (10872,11169), (-2.5, 10.0, 0.4, 1.0, 1.0)),
    ("eigen_normal_sil6.5n2_14.4kph.log", 14.4, (1410,1538), (-2.3, 10.0, 0.5, 1.0, 1.0)),
    ("eigen_normal_sil6.5n2_14.4kph.log", 14.4, (2385,2677), (-2.3, 10.0, -0.4, 1.0, 1.0)),
    ("eigen_normal_sil6.5n2_14.4kph.log", 14.4, (3400,3610), (-2.3, 10.0, 0.3, 1.0, 1.0)),
    ("eigen_normal_sil6.5n2_14.4kph.log", 14.4, (4352,4573), (-2.3, 10.0, -0.6, 1.0, 1.0)),
    ("eigen_normal_sil6.5n2_14.4kph.log", 14.4, (5276,5581), (-2.3, 10.0, -0.6, 1.0, 1.0)),
    ("eigen_normal_sil6.5n2_14.4kph.log", 14.4, (6311,6560), (-2.3, 10.0, -0.6, 1.0, 1.0)),
    ("eigen_normal_sil6.5n2_14.4kph.log", 14.4, (7347,7559), (-2.3, 10.0, -0.6, 1.0, 1.0)),
    ("eigen_normal_sil6.5n2_14.4kph.log", 14.4, (8423,8653), (-2.3, 10.0, -0.6, 1.0, 1.0)),
    ("eigen_normal_sil6.5n2_16.2kph.log", 16.2, (1576,1828), (-2.3, 10.0, -0.4, 1.0, 1.0)),
    ("eigen_normal_sil6.5n2_16.2kph.log", 16.2, (2529,2695), (-2.3, 10.0, -0.5, 1.0, 1.0)),
    ("eigen_normal_sil6.5n2_16.2kph.log", 16.2, (5041,5191), (-2.3, 10.0, 0.4, 1.0, 1.0)),
    ("eigen_normal_sil6.5n2_16.2kph.log", 16.2, (5796,6034), (-2.3, 10.0, -0.6, 1.0, 1.0)),
    ("eigen_normal_sil6.5n2_16.2kph.log", 16.2, (8035,8212), (-2.3, 10.0, 0.4, 1.0, 1.0)),
    ("eigen_normal_sil6.5n2_16.2kph.log", 16.2, (13604,13800), (-2.3, 10.0, -0.6, 1.0, 1.0)),
    ("eigen_normal_sil6.5n2_18kph.log", 18, (1964,2310), (-2.0, 9.5, 0.4, 1.0, 1.0)),
    ("eigen_normal_sil6.5n2_18kph.log", 18, (2917,3221), (-2.0, 9.5, -0.5, 1.0, 1.0)),
    ("eigen_normal_sil6.5n2_18kph.log", 18, (3831,4007), (-2.0, 9.5, 0.5, 1.0, 1.0)),
    ("eigen_normal_sil6.5n2_18kph.log", 18, (4594,4874), (-2.0, 9.5, -0.5, 1.0, 1.0)),
    ("eigen_normal_sil6.5n2_18kph.log", 18, (5549,5679), (-2.0, 9.5, 0.5, 1.0, 1.0)),
    ("eigen_normal_sil6.5n2_18kph.log", 18, (6326,6542), (-2.0, 9.5, -0.5, 1.0, 1.0)),
    ("eigen_normal_sil6.5n2_18kph.log", 18, (7060,7310), (-2.0, 9.5, -0.5, 1.0, 1.0)),
    ("eigen_normal_sil6.5n2_18kph.log", 18, (12196,12360), (-2.0, 9.5, -0.5, 1.0, 1.0)),
    ("eigen_normal_sil6.5n2_18kph.log", 18, (12961,13073), (-2.0, 9.5, -0.5, 1.0, 1.0)))
    ),

    # Model Matching ON RAW
    ( 'MM ON raw',
    {"color":('tab:red', 'tab:red'),
     "marker":('^','^'), 
     "fillstyle":('none','none')} ,
     'raw',(
    ("eigen_mm_sil6.5n2_5.4kph.log", 5.4, (4047,4240), (-3, 5, 0.35, 1.0, 1.0)),
    ("eigen_mm_sil6.5n2_5.4kph.log", 5.4, (4947,5105), (-3, 5, 0.45, 1.0, 1.0)),
    ("eigen_mm_sil6.5n2_5.4kph.log", 5.4, (5868,6025), (-3, 5, -0.5, 1.0, 1.0)),
    ("eigen_mm_sil6.5n2_5.4kph.log", 5.4, (6755,6910), (-3, 5, -0.6, 1.0, 1.0)),
    ("eigen_mm_sil6.5n2_5.4kph.log", 5.4, (7658,7855), (-3, 5, 0.55, 1.0, 1.0)),
    ("eigen_mm_sil6.5n2_7.2kph.log", 7.2, (3388,3528), (-2.5, 7, 0.5, 1.0, 1.0)),
    ("eigen_mm_sil6.5n2_7.2kph.log", 7.2, (4202,4420), (-2.5, 7, 0.6, 1.0, 1.0)),
    ("eigen_mm_sil6.5n2_7.2kph.log", 7.2, (5061,5300), (-2.5, 7, 0.6, 1.0, 1.0)),
    ("eigen_mm_sil6.5n2_7.2kph.log", 7.2, (5958,6178), (-2.5, 7, 0.55, 1.0, 1.0)),
    ("eigen_mm_sil6.5n2_7.2kph.log", 7.2, (6912,7120), (-2.5, 7, -0.5, 1.0, 1.0)),
    ("eigen_mm_sil6.5n2_9kph.log", 9.0, (1308,1602), (-2.5, 8, 0.5, 1.0, 1.0)),
    ("eigen_mm_sil6.5n2_9kph.log", 9.0, (2326,2560), (-2.5, 8, -0.6, 1.0, 1.0)),
    ("eigen_mm_sil6.5n2_9kph.log", 9.0, (3775,4000), (-2.5, 8, 0.6, 1.0, 1.0)),
    ("eigen_mm_sil6.5n2_9kph.log", 9.0, (5812,6134), (-2.5, 8, -0.5, 1.0, 1.0)),
    ("eigen_mm_sil6.5n2_9kph.log", 9.0, (6948,7080), (-2.5, 8, 0.55, 1.0, 1.0)),
    ("eigen_mm_sil6.5n2_9kph.log", 9.0, (7922,8240), (-2.5, 8, 0.6, 1.0, 1.0)),
    ("eigen_mm_sil6.5n2_10.8kph.log", 10.8, (1440,1720), (-2, 8.5, 0.5, 1.0, 1.0)),
    ("eigen_mm_sil6.5n2_10.8kph.log", 10.8, (2586,2890), (-2, 8.5, 0.5, 1.0, 1.0)),
    ("eigen_mm_sil6.5n2_10.8kph.log", 10.8, (3894,4065), (-2, 8.5, 0.5, 1.0, 1.0)),
    ("eigen_mm_sil6.5n2_10.8kph.log", 10.8, (5017,5355), (-2, 8.5, -0.5, 1.0, 1.0)),
    ("eigen_mm_sil6.5n2_10.8kph.log", 10.8, (7224,7520), (-2, 8.5, 0.5, 1.0, 1.0)),
    ("eigen_mm_sil6.5n2_12.6kph.log", 12.6, (1501,1700), (-1.5, 9, 0.5, 1.0, 1.0)),
    ("eigen_mm_sil6.5n2_12.6kph.log", 12.6, (2311,2445), (-1.5, 9, 0.5, 1.0, 1.0)),
    ("eigen_mm_sil6.5n2_12.6kph.log", 12.6, (3165,3450), (-1.5, 9, 0.5, 1.0, 1.0)),
    ("eigen_mm_sil6.5n2_12.6kph.log", 12.6, (4180,4470), (-1.5, 9, 0.5, 1.0, 1.0)),
    ("eigen_mm_sil6.5n2_12.6kph.log", 12.6, (5237,5445), (-1.5, 9, 0.5, 1.0, 1.0)),
    ("eigen_mm_sil6.5n2_12.6kph.log", 12.6, (6500,6780), (-1.5, 9, 0.5, 1.0, 1.0)),
    ("eigen_mm_sil6.5n2_12.6kph.log", 12.6, (8508,8735), (-1.5, 9, -0.5, 1.0, 1.0)),
    ("eigen_mm_sil6.5n2_14.4kph.log", 14.4, (1767,1975), (-1, 9, 0.5, 1.0, 1.0)),
    ("eigen_mm_sil6.5n2_14.4kph.log", 14.4, (2523,2750), (-1, 9, 0.5, 1.0, 1.0)),
    ("eigen_mm_sil6.5n2_14.4kph.log", 14.4, (3326,3435), (-1, 9, 0.5, 1.0, 1.0)),
    ("eigen_mm_sil6.5n2_14.4kph.log", 14.4, (4346,4670), (-1, 9, 0.5, 1.0, 1.0)),
    ("eigen_mm_sil6.5n2_14.4kph.log", 14.4, (5346,5580), (-1, 9, 0.5, 1.0, 1.0)),
    ("eigen_mm_sil6.5n2_16.2kph.log", 16.2, (4003,4195), (-1, 8.5, -0.5, 1.0, 1.0)),
    ("eigen_mm_sil6.5n2_16.2kph.log", 16.2, (4957,5060), (-1, 8.5, -0.5, 1.0, 1.0)),
    ("eigen_mm_sil6.5n2_16.2kph.log", 16.2, (5870,6090), (-1, 8.5, -0.5, 1.0, 1.0)),
    ("eigen_mm_sil6.5n2_16.2kph.log", 16.2, (6787,7000), (-1, 8.5, -0.5, 1.0, 1.0)),
    ("eigen_mm_sil6.5n2_16.2kph.log", 16.2, (7918,8280), (-1, 8.5, -0.5, 1.0, 1.0)),
    ("eigen_mm_sil6.5n2_16.2kph.log", 16.2, (9187,9360), (-1, 8.5, -0.5, 1.0, 1.0)),
    ("eigen_mm_sil6.5n2_16.2kph.log", 16.2, (9988,10325), (-1, 8.5, 0.5, 1.0, 1.0)),
    ("eigen_mm_sil6.5n2_18kph.log", 18, (2928,3240), (-0.5, 8, 1, 1.0, 1.0)),
    ("eigen_mm_sil6.5n2_18kph.log", 18, (4308,4520), (-0.5, 8, 1, 1.0, 1.0)),
    ("eigen_mm_sil6.5n2_18kph.log", 18, (5508,5675), (-0.5, 8, 1, 1.0, 1.0)),
    ("eigen_mm_sil6.5n2_18kph.log", 18, (6931,7200), (-0.5, 8, 1, 1.0, 1.0)),
    ("eigen_mm_sil6.5n2_18kph.log", 18, (8232,8410), (-0.5, 8, 1, 1.0, 1.0)),
    ("eigen_mm_sil6.5n2_18kph.log", 18, (10043,10260), (-0.5, 8, -1, 1.0, 1.0)),
    ("eigen_mm_sil6.5n2_18kph.log", 18, (14193,14377), (-0.5, 8, -1, 1.0, 1.0)),
    ("eigen_mm_sil6.5n2_18kph.log", 18, (15348,15483), (-0.5, 8, -1, 1.0, 1.0)))
    ),

    # Model Matching OFF High Pass Filter
    ( 'MM OFF hp_filtered',
    {"color":((238/256,179/256,19/256), (238/256,179/256,19/256)),
     "marker":('s','s'), 
     "fillstyle":('full','full')} ,
     'hp_filtered',(
    ("eigen_normal_sil6.5n2_5.4kph.log", 0.36+5.4, (4486,4775), (-3.0, 5.5, 0.3, 1.0, 1.0)),
    ("eigen_normal_sil6.5n2_5.4kph.log", 0.36+5.4, (5420,5668), (-3.0, 5.5, 0.35, 1.0, 1.0)),
    ("eigen_normal_sil6.5n2_5.4kph.log", 0.36+5.4, (6325,6499), (-3.0, 5.5, -0.4, 1.0, 1.0)),
    ("eigen_normal_sil6.5n2_5.4kph.log", 0.36+5.4, (7349,7532), (-3.0, 5.5, -0.4, 1.0, 1.0)),
    ("eigen_normal_sil6.5n2_5.4kph.log", 0.36+5.4, (8984,9214), (-3.0, 5.5, 0.3, 1.0, 1.0)),
    ("eigen_normal_sil6.5n2_5.4kph.log", 0.36+5.4, (9750,9925), (-3.0, 5.5, -0.25, 1.0, 1.0)),
    ("eigen_normal_sil6.5n2_5.4kph.log", 0.36+5.4, (10600,10845), (-3.0, 5.5, 0.2, 1.0, 1.0)),
    ("eigen_normal_sil6.5n2_7.2kph.log", 0.36+7.2, (9870,10039), (-3.0, 7.5, -0.25, 1.0, 1.0)),
    ("eigen_normal_sil6.5n2_7.2kph.log", 0.36+7.2, (11024,11137), (-3.0, 7.5, -0.4, 1.0, 1.0)),
    ("eigen_normal_sil6.5n2_7.2kph.log", 0.36+7.2, (12689,12854), (-3.0, 7.5, -0.25, 1.0, 1.0)),
    ("eigen_normal_sil6.5n2_7.2kph.log", 0.36+7.2, (13773,13934), (-3.0, 7.5, -0.35, 1.0, 1.0)),
    ("eigen_normal_sil6.5n2_7.2kph.log", 0.36+7.2, (14886,15052), (-3.0, 7.5, 0.2, 1.0, 1.0)),
    ("eigen_normal_sil6.5n2_9kph.log", 0.36+9, (2121,2273), (-2.5, 8.5, -0.3, 1.0, 1.0)),
    ("eigen_normal_sil6.5n2_9kph.log", 0.36+9, (3002,3281), (-2.5, 8.5, 0.2, 1.0, 1.0)),
    ("eigen_normal_sil6.5n2_9kph.log", 0.36+9, (8673,8765), (-2.5, 8.5, -0.3, 1.0, 1.0)),
    ("eigen_normal_sil6.5n2_9kph.log", 0.36+9, (9613,9940), (-2.5, 8.5, -0.4, 1.0, 1.0)),
    ("eigen_normal_sil6.5n2_9kph.log", 0.36+9, (11049,11416), (-2.5, 8.5, -0.4, 1.0, 1.0)),
    ("eigen_normal_sil6.5n2_9kph.log", 0.36+9, (12487,12695), (-2.5, 8.5, 0.3, 1.0, 1.0)),
    ("eigen_normal_sil6.5n2_10.8kph.log", 0.36+10.8, (1573,1760), (-2.5, 9.5, 0.25, 1.0, 1.0)),
    ("eigen_normal_sil6.5n2_10.8kph.log", 0.36+10.8, (2601,2750), (-2.5, 9.5, 0.25, 1.0, 1.0)),
    ("eigen_normal_sil6.5n2_10.8kph.log", 0.36+10.8, (3577,3815), (-2.5, 9.5, -0.4, 1.0, 1.0)),
    ("eigen_normal_sil6.5n2_10.8kph.log", 0.36+10.8, (5682,5923), (-2.5, 9.5, 0.25, 1.0, 1.0)),
    ("eigen_normal_sil6.5n2_10.8kph.log", 0.36+10.8, (6527,6772), (-2.5, 9.5, -0.4, 1.0, 1.0)),
    ("eigen_normal_sil6.5n2_10.8kph.log", 0.36+10.8, (7471,7705), (-2.5, 9.5, -0.4, 1.0, 1.0)),
    ("eigen_normal_sil6.5n2_10.8kph.log", 0.36+10.8, (8371,8581), (-2.5, 9.5, -0.4, 1.0, 1.0)),
    ("eigen_normal_sil6.5n2_10.8kph.log", 0.36+10.8, (9424,9585), (-2.5, 9.5, -0.5, 1.0, 1.0)),
    ("eigen_normal_sil6.5n2_10.8kph.log", 0.36+10.8, (10187,10470), (-2.5, 9.5, -0.4, 1.0, 1.0)),
    ("eigen_normal_sil6.5n2_12.6kph.log", 0.36+12.6, (2028,2246), (-2.5, 10.0, -0.4, 1.0, 1.0)),
    ("eigen_normal_sil6.5n2_12.6kph.log", 0.36+12.6, (3053,3175), (-2.5, 10.0, -0.5, 1.0, 1.0)),
    ("eigen_normal_sil6.5n2_12.6kph.log", 0.36+12.6, (3983,4231), (-2.5, 10.0, -0.5, 1.0, 1.0)),
    ("eigen_normal_sil6.5n2_12.6kph.log", 0.36+12.6, (4982,5191), (-2.5, 10.0, -0.5, 1.0, 1.0)),
    ("eigen_normal_sil6.5n2_12.6kph.log", 0.36+12.6, (6881,7073), (-2.5, 10.0, -0.4, 1.0, 1.0)),
    ("eigen_normal_sil6.5n2_12.6kph.log", 0.36+12.6, (7898,8076), (-2.5, 10.0, -0.4, 1.0, 1.0)),
    ("eigen_normal_sil6.5n2_12.6kph.log", 0.36+12.6, (8749,8970), (-2.5, 10.0, 0.4, 1.0, 1.0)),
    ("eigen_normal_sil6.5n2_12.6kph.log", 0.36+12.6, (9733,9992), (-2.5, 10.0, -0.5, 1.0, 1.0)),
    ("eigen_normal_sil6.5n2_12.6kph.log", 0.36+12.6, (10872,11169), (-2.5, 10.0, 0.4, 1.0, 1.0)),
    ("eigen_normal_sil6.5n2_14.4kph.log", 0.36+14.4, (1410,1538), (-2.3, 10.0, 0.5, 1.0, 1.0)),
    ("eigen_normal_sil6.5n2_14.4kph.log", 0.36+14.4, (2385,2677), (-2.3, 10.0, -0.4, 1.0, 1.0)),
    ("eigen_normal_sil6.5n2_14.4kph.log", 0.36+14.4, (3400,3610), (-2.3, 10.0, 0.3, 1.0, 1.0)),
    ("eigen_normal_sil6.5n2_14.4kph.log", 0.36+14.4, (4352,4573), (-2.3, 10.0, -0.6, 1.0, 1.0)),
    ("eigen_normal_sil6.5n2_14.4kph.log", 0.36+14.4, (5276,5581), (-2.3, 10.0, -0.6, 1.0, 1.0)),
    ("eigen_normal_sil6.5n2_14.4kph.log", 0.36+14.4, (6311,6560), (-2.3, 10.0, -0.6, 1.0, 1.0)),
    ("eigen_normal_sil6.5n2_14.4kph.log", 0.36+14.4, (7347,7559), (-2.3, 10.0, -0.6, 1.0, 1.0)),
    ("eigen_normal_sil6.5n2_14.4kph.log", 0.36+14.4, (8423,8653), (-2.3, 10.0, -0.6, 1.0, 1.0)),
    ("eigen_normal_sil6.5n2_16.2kph.log", 0.36+16.2, (1576,1828), (-2.3, 10.0, -0.4, 1.0, 1.0)),
    ("eigen_normal_sil6.5n2_16.2kph.log", 0.36+16.2, (2529,2695), (-2.3, 10.0, -0.5, 1.0, 1.0)),
    ("eigen_normal_sil6.5n2_16.2kph.log", 0.36+16.2, (5041,5191), (-2.3, 10.0, 0.4, 1.0, 1.0)),
    ("eigen_normal_sil6.5n2_16.2kph.log", 0.36+16.2, (5796,6034), (-2.3, 10.0, -0.6, 1.0, 1.0)),
    ("eigen_normal_sil6.5n2_16.2kph.log", 0.36+16.2, (8035,8212), (-2.3, 10.0, 0.4, 1.0, 1.0)),
    ("eigen_normal_sil6.5n2_16.2kph.log", 0.36+16.2, (13604,13800), (-2.3, 10.0, -0.6, 1.0, 1.0)),
    ("eigen_normal_sil6.5n2_18kph.log", 0.36+18, (1964,2310), (-2.0, 9.5, 0.4, 1.0, 1.0)),
    ("eigen_normal_sil6.5n2_18kph.log", 0.36+18, (2917,3221), (-2.0, 9.5, -0.5, 1.0, 1.0)),
    ("eigen_normal_sil6.5n2_18kph.log", 0.36+18, (3831,4007), (-2.0, 9.5, 0.5, 1.0, 1.0)),
    ("eigen_normal_sil6.5n2_18kph.log", 0.36+18, (4594,4874), (-2.0, 9.5, -0.5, 1.0, 1.0)),
    ("eigen_normal_sil6.5n2_18kph.log", 0.36+18, (5549,5679), (-2.0, 9.5, 0.5, 1.0, 1.0)),
    ("eigen_normal_sil6.5n2_18kph.log", 0.36+18, (6326,6542), (-2.0, 9.5, -0.5, 1.0, 1.0)),
    ("eigen_normal_sil6.5n2_18kph.log", 0.36+18, (7060,7310), (-2.0, 9.5, -0.5, 1.0, 1.0)),
    ("eigen_normal_sil6.5n2_18kph.log", 0.36+18, (12196,12360), (-2.0, 9.5, -0.5, 1.0, 1.0)),
    ("eigen_normal_sil6.5n2_18kph.log", 0.36+18, (12961,13073), (-2.0, 9.5, -0.5, 1.0, 1.0)))
    ),

    # Model Matching ON High Pass Filter
    ( 'MM ON hp_filtered',
    {"color":('tab:purple', 'tab:purple'),
     "marker":('s','s'), 
     "fillstyle":('none','none')} ,
     'hp_filtered',(
    ("eigen_mm_sil6.5n2_5.4kph.log", 0.36+5.4, (4047,4240), (-3, 5, 0.35, 1.0, 1.0)),
    ("eigen_mm_sil6.5n2_5.4kph.log", 0.36+5.4, (4947,5105), (-3, 5, 0.45, 1.0, 1.0)),
    ("eigen_mm_sil6.5n2_5.4kph.log", 0.36+5.4, (5868,6025), (-3, 5, -0.5, 1.0, 1.0)),
    ("eigen_mm_sil6.5n2_5.4kph.log", 0.36+5.4, (6755,6910), (-3, 5, -0.6, 1.0, 1.0)),
    ("eigen_mm_sil6.5n2_5.4kph.log", 0.36+5.4, (7658,7855), (-3, 5, 0.55, 1.0, 1.0)),
    ("eigen_mm_sil6.5n2_7.2kph.log", 0.36+7.2, (3388,3528), (-2.5, 7, 0.5, 1.0, 1.0)),
    ("eigen_mm_sil6.5n2_7.2kph.log", 0.36+7.2, (4202,4420), (-2.5, 7, 0.6, 1.0, 1.0)),
    ("eigen_mm_sil6.5n2_7.2kph.log", 0.36+7.2, (5061,5300), (-2.5, 7, 0.6, 1.0, 1.0)),
    ("eigen_mm_sil6.5n2_7.2kph.log", 0.36+7.2, (5958,6178), (-2.5, 7, 0.55, 1.0, 1.0)),
    ("eigen_mm_sil6.5n2_7.2kph.log", 0.36+7.2, (6912,7120), (-2.5, 7, -0.5, 1.0, 1.0)),
    ("eigen_mm_sil6.5n2_9kph.log", 0.36+9, (1308,1602), (-2.5, 8, 0.5, 1.0, 1.0)),
    ("eigen_mm_sil6.5n2_9kph.log", 0.36+9, (2326,2560), (-2.5, 8, -0.6, 1.0, 1.0)),
    ("eigen_mm_sil6.5n2_9kph.log", 0.36+9, (3775,4000), (-2.5, 8, 0.6, 1.0, 1.0)),
    ("eigen_mm_sil6.5n2_9kph.log", 0.36+9, (5812,6134), (-2.5, 8, -0.5, 1.0, 1.0)),
    ("eigen_mm_sil6.5n2_9kph.log", 0.36+9, (6948,7080), (-2.5, 8, 0.55, 1.0, 1.0)),
    ("eigen_mm_sil6.5n2_9kph.log", 0.36+9, (7922,8240), (-2.5, 8, 0.6, 1.0, 1.0)),
    ("eigen_mm_sil6.5n2_10.8kph.log", 0.36+10.8, (1440,1720), (-2, 8.5, 0.5, 1.0, 1.0)),
    ("eigen_mm_sil6.5n2_10.8kph.log", 0.36+10.8, (2586,2890), (-2, 8.5, 0.5, 1.0, 1.0)),
    ("eigen_mm_sil6.5n2_10.8kph.log", 0.36+10.8, (3894,4065), (-2, 8.5, 0.5, 1.0, 1.0)),
    ("eigen_mm_sil6.5n2_10.8kph.log", 0.36+10.8, (5017,5355), (-2, 8.5, -0.5, 1.0, 1.0)),
    ("eigen_mm_sil6.5n2_10.8kph.log", 0.36+10.8, (7224,7520), (-2, 8.5, 0.5, 1.0, 1.0)),
    ("eigen_mm_sil6.5n2_12.6kph.log", 0.36+12.6, (1501,1700), (-1.5, 9, 0.5, 1.0, 1.0)),
    ("eigen_mm_sil6.5n2_12.6kph.log", 0.36+12.6, (2311,2445), (-1.5, 9, 0.5, 1.0, 1.0)),
    ("eigen_mm_sil6.5n2_12.6kph.log", 0.36+12.6, (3165,3450), (-1.5, 9, 0.5, 1.0, 1.0)),
    ("eigen_mm_sil6.5n2_12.6kph.log", 0.36+12.6, (4180,4470), (-1.5, 9, 0.5, 1.0, 1.0)),
    ("eigen_mm_sil6.5n2_12.6kph.log", 0.36+12.6, (5237,5445), (-1.5, 9, 0.5, 1.0, 1.0)),
    ("eigen_mm_sil6.5n2_12.6kph.log", 0.36+12.6, (6500,6780), (-1.5, 9, 0.5, 1.0, 1.0)),
    ("eigen_mm_sil6.5n2_12.6kph.log", 0.36+12.6, (8508,8735), (-1.5, 9, -0.5, 1.0, 1.0)),
    ("eigen_mm_sil6.5n2_14.4kph.log", 0.36+14.4, (1767,1975), (-1, 9, 0.5, 1.0, 1.0)),
    ("eigen_mm_sil6.5n2_14.4kph.log", 0.36+14.4, (2523,2750), (-1, 9, 0.5, 1.0, 1.0)),
    ("eigen_mm_sil6.5n2_14.4kph.log", 0.36+14.4, (3326,3435), (-1, 9, 0.5, 1.0, 1.0)),
    ("eigen_mm_sil6.5n2_14.4kph.log", 0.36+14.4, (4346,4670), (-1, 9, 0.5, 1.0, 1.0)),
    ("eigen_mm_sil6.5n2_14.4kph.log", 0.36+14.4, (5346,5580), (-1, 9, 0.5, 1.0, 1.0)),
    ("eigen_mm_sil6.5n2_16.2kph.log", 0.36+16.2, (4003,4195), (-1, 8.5, -0.5, 1.0, 1.0)),
    ("eigen_mm_sil6.5n2_16.2kph.log", 0.36+16.2, (4957,5060), (-1, 8.5, -0.5, 1.0, 1.0)),
    ("eigen_mm_sil6.5n2_16.2kph.log", 0.36+16.2, (5870,6090), (-1, 8.5, -0.5, 1.0, 1.0)),
    ("eigen_mm_sil6.5n2_16.2kph.log", 0.36+16.2, (6787,7000), (-1, 8.5, -0.5, 1.0, 1.0)),
    ("eigen_mm_sil6.5n2_16.2kph.log", 0.36+16.2, (7918,8280), (-1, 8.5, -0.5, 1.0, 1.0)),
    ("eigen_mm_sil6.5n2_16.2kph.log", 0.36+16.2, (9187,9360), (-1, 8.5, -0.5, 1.0, 1.0)),
    ("eigen_mm_sil6.5n2_16.2kph.log", 0.36+16.2, (9988,10325), (-1, 8.5, 0.5, 1.0, 1.0)),
    ("eigen_mm_sil6.5n2_18kph.log", 0.36+18, (2928,3240), (-0.5, 8, 1, 1.0, 1.0)),
    ("eigen_mm_sil6.5n2_18kph.log", 0.36+18, (4308,4520), (-0.5, 8, 1, 1.0, 1.0)),
    ("eigen_mm_sil6.5n2_18kph.log", 0.36+18, (5508,5675), (-0.5, 8, 1, 1.0, 1.0)),
    ("eigen_mm_sil6.5n2_18kph.log", 0.36+18, (6931,7200), (-0.5, 8, 1, 1.0, 1.0)),
    ("eigen_mm_sil6.5n2_18kph.log", 0.36+18, (8232,8410), (-0.5, 8, 1, 1.0, 1.0)),
    ("eigen_mm_sil6.5n2_18kph.log", 0.36+18, (10043,10260), (-0.5, 8, -1, 1.0, 1.0)),
    ("eigen_mm_sil6.5n2_18kph.log", 0.36+18, (14193,14377), (-0.5, 8, -1, 1.0, 1.0)),
    ("eigen_mm_sil6.5n2_18kph.log", 0.36+18, (15348,15483), (-0.5, 8, -1, 1.0, 1.0)))
    ),

    # Model Matching OFF Low Pass Filter
    ( 'MM OFF lp_filtered',
    {"color":('k','k'), #dark orange
     "marker":('o','o'), 
     "fillstyle":('full','full')} ,
     'lp_filtered',(
    ("eigen_normal_sil6.5n2_5.4kph.log", -0.36+5.4, (4486,4775), (-3.0, 5.5, 0.3, 1.0, 1.0)),
    ("eigen_normal_sil6.5n2_5.4kph.log", -0.36+5.4, (5420,5668), (-3.0, 5.5, 0.35, 1.0, 1.0)),
    ("eigen_normal_sil6.5n2_5.4kph.log", -0.36+5.4, (6325,6499), (-3.0, 5.5, -0.4, 1.0, 1.0)),
    ("eigen_normal_sil6.5n2_5.4kph.log", -0.36+5.4, (7349,7532), (-3.0, 5.5, -0.4, 1.0, 1.0)),
    ("eigen_normal_sil6.5n2_5.4kph.log", -0.36+5.4, (8984,9214), (-3.0, 5.5, 0.3, 1.0, 1.0)),
    ("eigen_normal_sil6.5n2_5.4kph.log", -0.36+5.4, (9750,9925), (-3.0, 5.5, -0.25, 1.0, 1.0)),
    ("eigen_normal_sil6.5n2_5.4kph.log", -0.36+5.4, (10600,10845), (-3.0, 5.5, 0.2, 1.0, 1.0)),
    ("eigen_normal_sil6.5n2_7.2kph.log", -0.36+7.2, (9870,10039), (-3.0, 7.5, -0.25, 1.0, 1.0)),
    ("eigen_normal_sil6.5n2_7.2kph.log", -0.36+7.2, (11024,11137), (-3.0, 7.5, -0.4, 1.0, 1.0)),
    ("eigen_normal_sil6.5n2_7.2kph.log", -0.36+7.2, (12689,12854), (-3.0, 7.5, -0.25, 1.0, 1.0)),
    ("eigen_normal_sil6.5n2_7.2kph.log", -0.36+7.2, (13773,13934), (-3.0, 7.5, -0.35, 1.0, 1.0)),
    ("eigen_normal_sil6.5n2_7.2kph.log", -0.36+7.2, (14886,15052), (-3.0, 7.5, 0.2, 1.0, 1.0)),
    ("eigen_normal_sil6.5n2_9kph.log", -0.36+9, (2121,2273), (-2.5, 8.5, -0.3, 1.0, 1.0)),
    ("eigen_normal_sil6.5n2_9kph.log", -0.36+9, (3002,3281), (-2.5, 8.5, 0.2, 1.0, 1.0)),
    ("eigen_normal_sil6.5n2_9kph.log", -0.36+9, (8673,8765), (-2.5, 8.5, -0.3, 1.0, 1.0)),
    ("eigen_normal_sil6.5n2_9kph.log", -0.36+9, (9613,9940), (-2.5, 8.5, -0.4, 1.0, 1.0)),
    ("eigen_normal_sil6.5n2_9kph.log", -0.36+9, (11049,11416), (-2.5, 8.5, -0.4, 1.0, 1.0)),
    ("eigen_normal_sil6.5n2_9kph.log", -0.36+9, (12487,12695), (-2.5, 8.5, 0.3, 1.0, 1.0)),
    ("eigen_normal_sil6.5n2_10.8kph.log", -0.36+10.8, (1573,1760), (-2.5, 9.5, 0.25, 1.0, 1.0)),
    ("eigen_normal_sil6.5n2_10.8kph.log", -0.36+10.8, (2601,2750), (-2.5, 9.5, 0.25, 1.0, 1.0)),
    ("eigen_normal_sil6.5n2_10.8kph.log", -0.36+10.8, (3577,3815), (-2.5, 9.5, -0.4, 1.0, 1.0)),
    ("eigen_normal_sil6.5n2_10.8kph.log", -0.36+10.8, (5682,5923), (-2.5, 9.5, 0.25, 1.0, 1.0)),
    ("eigen_normal_sil6.5n2_10.8kph.log", -0.36+10.8, (6527,6772), (-2.5, 9.5, -0.4, 1.0, 1.0)),
    ("eigen_normal_sil6.5n2_10.8kph.log", -0.36+10.8, (7471,7705), (-2.5, 9.5, -0.4, 1.0, 1.0)),
    ("eigen_normal_sil6.5n2_10.8kph.log", -0.36+10.8, (8371,8581), (-2.5, 9.5, -0.4, 1.0, 1.0)),
    ("eigen_normal_sil6.5n2_10.8kph.log", -0.36+10.8, (9424,9585), (-2.5, 9.5, -0.5, 1.0, 1.0)),
    ("eigen_normal_sil6.5n2_10.8kph.log", -0.36+10.8, (10187,10470), (-2.5, 9.5, -0.4, 1.0, 1.0)),
    ("eigen_normal_sil6.5n2_12.6kph.log", -0.36+12.6, (2028,2246), (-2.5, 10.0, -0.4, 1.0, 1.0)),
    ("eigen_normal_sil6.5n2_12.6kph.log", -0.36+12.6, (3053,3175), (-2.5, 10.0, -0.5, 1.0, 1.0)),
    ("eigen_normal_sil6.5n2_12.6kph.log", -0.36+12.6, (3983,4231), (-2.5, 10.0, -0.5, 1.0, 1.0)),
    ("eigen_normal_sil6.5n2_12.6kph.log", -0.36+12.6, (4982,5191), (-2.5, 10.0, -0.5, 1.0, 1.0)),
    ("eigen_normal_sil6.5n2_12.6kph.log", -0.36+12.6, (6881,7073), (-2.5, 10.0, -0.4, 1.0, 1.0)),
    ("eigen_normal_sil6.5n2_12.6kph.log", -0.36+12.6, (7898,8076), (-2.5, 10.0, -0.4, 1.0, 1.0)),
    ("eigen_normal_sil6.5n2_12.6kph.log", -0.36+12.6, (8749,8970), (-2.5, 10.0, 0.4, 1.0, 1.0)),
    ("eigen_normal_sil6.5n2_12.6kph.log", -0.36+12.6, (9733,9992), (-2.5, 10.0, -0.5, 1.0, 1.0)),
    ("eigen_normal_sil6.5n2_12.6kph.log", -0.36+12.6, (10872,11169), (-2.5, 10.0, 0.4, 1.0, 1.0)),
    ("eigen_normal_sil6.5n2_14.4kph.log", -0.36+14.4, (1410,1538), (-2.3, 10.0, 0.5, 1.0, 1.0)),
    ("eigen_normal_sil6.5n2_14.4kph.log", -0.36+14.4, (2385,2677), (-2.3, 10.0, -0.4, 1.0, 1.0)),
    ("eigen_normal_sil6.5n2_14.4kph.log", -0.36+14.4, (3400,3610), (-2.3, 10.0, 0.3, 1.0, 1.0)),
    ("eigen_normal_sil6.5n2_14.4kph.log", -0.36+14.4, (4352,4573), (-2.3, 10.0, -0.6, 1.0, 1.0)),
    ("eigen_normal_sil6.5n2_14.4kph.log", -0.36+14.4, (5276,5581), (-2.3, 10.0, -0.6, 1.0, 1.0)),
    ("eigen_normal_sil6.5n2_14.4kph.log", -0.36+14.4, (6311,6560), (-2.3, 10.0, -0.6, 1.0, 1.0)),
    ("eigen_normal_sil6.5n2_14.4kph.log", -0.36+14.4, (7347,7559), (-2.3, 10.0, -0.6, 1.0, 1.0)),
    ("eigen_normal_sil6.5n2_14.4kph.log", -0.36+14.4, (8423,8653), (-2.3, 10.0, -0.6, 1.0, 1.0)),
    ("eigen_normal_sil6.5n2_16.2kph.log", -0.36+16.2, (1576,1828), (-2.3, 10.0, -0.4, 1.0, 1.0)),
    ("eigen_normal_sil6.5n2_16.2kph.log", -0.36+16.2, (2529,2695), (-2.3, 10.0, -0.5, 1.0, 1.0)),
    ("eigen_normal_sil6.5n2_16.2kph.log", -0.36+16.2, (5041,5191), (-2.3, 10.0, 0.4, 1.0, 1.0)),
    ("eigen_normal_sil6.5n2_16.2kph.log", -0.36+16.2, (5796,6034), (-2.3, 10.0, -0.6, 1.0, 1.0)),
    ("eigen_normal_sil6.5n2_16.2kph.log", -0.36+16.2, (8035,8212), (-2.3, 10.0, 0.4, 1.0, 1.0)),
    ("eigen_normal_sil6.5n2_16.2kph.log", -0.36+16.2, (13604,13800), (-2.3, 10.0, -0.6, 1.0, 1.0)),
    ("eigen_normal_sil6.5n2_18kph.log", -0.36+18, (1964,2310), (-2.0, 9.5, 0.4, 1.0, 1.0)),
    ("eigen_normal_sil6.5n2_18kph.log", -0.36+18, (2917,3221), (-2.0, 9.5, -0.5, 1.0, 1.0)),
    ("eigen_normal_sil6.5n2_18kph.log", -0.36+18, (3831,4007), (-2.0, 9.5, 0.5, 1.0, 1.0)),
    ("eigen_normal_sil6.5n2_18kph.log", -0.36+18, (4594,4874), (-2.0, 9.5, -0.5, 1.0, 1.0)),
    ("eigen_normal_sil6.5n2_18kph.log", -0.36+18, (5549,5679), (-2.0, 9.5, 0.5, 1.0, 1.0)),
    ("eigen_normal_sil6.5n2_18kph.log", -0.36+18, (6326,6542), (-2.0, 9.5, -0.5, 1.0, 1.0)),
    ("eigen_normal_sil6.5n2_18kph.log", -0.36+18, (7060,7310), (-2.0, 9.5, -0.5, 1.0, 1.0)),
    ("eigen_normal_sil6.5n2_18kph.log", -0.36+18, (12196,12360), (-2.0, 9.5, -0.5, 1.0, 1.0)),
    ("eigen_normal_sil6.5n2_18kph.log", -0.36+18, (12961,13073), (-2.0, 9.5, -0.5, 1.0, 1.0)))
    ),

    # Model Matching ON Low Pass Filter
    ( 'MM ON lp_filtered',
    {"color":('tab:green', 'tab:green'),
     "marker":('o','o'), 
     "fillstyle":('none','none')} ,
     'lp_filtered',(
    ("eigen_mm_sil6.5n2_5.4kph.log", -0.36+5.4, (4047,4240), (-3, 5, 0.35, 1.0, 1.0)),
    ("eigen_mm_sil6.5n2_5.4kph.log", -0.36+5.4, (4947,5105), (-3, 5, 0.45, 1.0, 1.0)),
    ("eigen_mm_sil6.5n2_5.4kph.log", -0.36+5.4, (5868,6025), (-3, 5, -0.5, 1.0, 1.0)),
    ("eigen_mm_sil6.5n2_5.4kph.log", -0.36+5.4, (6755,6910), (-3, 5, -0.6, 1.0, 1.0)),
    ("eigen_mm_sil6.5n2_5.4kph.log", -0.36+5.4, (7658,7855), (-3, 5, 0.55, 1.0, 1.0)),
    ("eigen_mm_sil6.5n2_7.2kph.log", -0.36+7.2, (3388,3528), (-2.5, 7, 0.5, 1.0, 1.0)),
    ("eigen_mm_sil6.5n2_7.2kph.log", -0.36+7.2, (4202,4420), (-2.5, 7, 0.6, 1.0, 1.0)),
    ("eigen_mm_sil6.5n2_7.2kph.log", -0.36+7.2, (5061,5300), (-2.5, 7, 0.6, 1.0, 1.0)),
    ("eigen_mm_sil6.5n2_7.2kph.log", -0.36+7.2, (5958,6178), (-2.5, 7, 0.55, 1.0, 1.0)),
    ("eigen_mm_sil6.5n2_7.2kph.log", -0.36+7.2, (6912,7120), (-2.5, 7, -0.5, 1.0, 1.0)),
    ("eigen_mm_sil6.5n2_9kph.log", -0.36+9, (1308,1602), (-2.5, 8, 0.5, 1.0, 1.0)),
    ("eigen_mm_sil6.5n2_9kph.log", -0.36+9, (2326,2560), (-2.5, 8, -0.6, 1.0, 1.0)),
    ("eigen_mm_sil6.5n2_9kph.log", -0.36+9, (3775,4000), (-2.5, 8, 0.6, 1.0, 1.0)),
    ("eigen_mm_sil6.5n2_9kph.log", -0.36+9, (5812,6134), (-2.5, 8, -0.5, 1.0, 1.0)),
    ("eigen_mm_sil6.5n2_9kph.log", -0.36+9, (6948,7080), (-2.5, 8, 0.55, 1.0, 1.0)),
    ("eigen_mm_sil6.5n2_9kph.log", -0.36+9, (7922,8240), (-2.5, 8, 0.6, 1.0, 1.0)),
    ("eigen_mm_sil6.5n2_10.8kph.log", -0.36+10.8, (1440,1720), (-2, 8.5, 0.5, 1.0, 1.0)),
    ("eigen_mm_sil6.5n2_10.8kph.log", -0.36+10.8, (2586,2890), (-2, 8.5, 0.5, 1.0, 1.0)),
    ("eigen_mm_sil6.5n2_10.8kph.log", -0.36+10.8, (3894,4065), (-2, 8.5, 0.5, 1.0, 1.0)),
    ("eigen_mm_sil6.5n2_10.8kph.log", -0.36+10.8, (5017,5355), (-2, 8.5, -0.5, 1.0, 1.0)),
    ("eigen_mm_sil6.5n2_10.8kph.log", -0.36+10.8, (7224,7520), (-2, 8.5, 0.5, 1.0, 1.0)),
    ("eigen_mm_sil6.5n2_12.6kph.log", -0.36+12.6, (1501,1700), (-1.5, 9, 0.5, 1.0, 1.0)),
    ("eigen_mm_sil6.5n2_12.6kph.log", -0.36+12.6, (2311,2445), (-1.5, 9, 0.5, 1.0, 1.0)),
    ("eigen_mm_sil6.5n2_12.6kph.log", -0.36+12.6, (3165,3450), (-1.5, 9, 0.5, 1.0, 1.0)),
    ("eigen_mm_sil6.5n2_12.6kph.log", -0.36+12.6, (4180,4470), (-1.5, 9, 0.5, 1.0, 1.0)),
    ("eigen_mm_sil6.5n2_12.6kph.log", -0.36+12.6, (5237,5445), (-1.5, 9, 0.5, 1.0, 1.0)),
    ("eigen_mm_sil6.5n2_12.6kph.log", -0.36+12.6, (6500,6780), (-1.5, 9, 0.5, 1.0, 1.0)),
    ("eigen_mm_sil6.5n2_12.6kph.log", -0.36+12.6, (8508,8735), (-1.5, 9, -0.5, 1.0, 1.0)),
    ("eigen_mm_sil6.5n2_14.4kph.log", -0.36+14.4, (1767,1975), (-1, 9, 0.5, 1.0, 1.0)),
    ("eigen_mm_sil6.5n2_14.4kph.log", -0.36+14.4, (2523,2750), (-1, 9, 0.5, 1.0, 1.0)),
    ("eigen_mm_sil6.5n2_14.4kph.log", -0.36+14.4, (3326,3435), (-1, 9, 0.5, 1.0, 1.0)),
    ("eigen_mm_sil6.5n2_14.4kph.log", -0.36+14.4, (4346,4670), (-1, 9, 0.5, 1.0, 1.0)),
    ("eigen_mm_sil6.5n2_14.4kph.log", -0.36+14.4, (5346,5580), (-1, 9, 0.5, 1.0, 1.0)),
    ("eigen_mm_sil6.5n2_16.2kph.log", -0.36+16.2, (4003,4195), (-1, 8.5, -0.5, 1.0, 1.0)),
    ("eigen_mm_sil6.5n2_16.2kph.log", -0.36+16.2, (4957,5060), (-1, 8.5, -0.5, 1.0, 1.0)),
    ("eigen_mm_sil6.5n2_16.2kph.log", -0.36+16.2, (5870,6090), (-1, 8.5, -0.5, 1.0, 1.0)),
    ("eigen_mm_sil6.5n2_16.2kph.log", -0.36+16.2, (6787,7000), (-1, 8.5, -0.5, 1.0, 1.0)),
    ("eigen_mm_sil6.5n2_16.2kph.log", -0.36+16.2, (7918,8280), (-1, 8.5, -0.5, 1.0, 1.0)),
    ("eigen_mm_sil6.5n2_16.2kph.log", -0.36+16.2, (9187,9360), (-1, 8.5, -0.5, 1.0, 1.0)),
    ("eigen_mm_sil6.5n2_16.2kph.log", -0.36+16.2, (9988,10325), (-1, 8.5, 0.5, 1.0, 1.0)),
    ("eigen_mm_sil6.5n2_18kph.log", -0.36+18, (2928,3240), (-0.5, 8, 1, 1.0, 1.0)),
    ("eigen_mm_sil6.5n2_18kph.log", -0.36+18, (4308,4520), (-0.5, 8, 1, 1.0, 1.0)),
    ("eigen_mm_sil6.5n2_18kph.log", -0.36+18, (5508,5675), (-0.5, 8, 1, 1.0, 1.0)),
    ("eigen_mm_sil6.5n2_18kph.log", -0.36+18, (6931,7200), (-0.5, 8, 1, 1.0, 1.0)),
    ("eigen_mm_sil6.5n2_18kph.log", -0.36+18, (8232,8410), (-0.5, 8, 1, 1.0, 1.0)),
    ("eigen_mm_sil6.5n2_18kph.log", -0.36+18, (10043,10260), (-0.5, 8, -1, 1.0, 1.0)),
    ("eigen_mm_sil6.5n2_18kph.log", -0.36+18, (14193,14377), (-0.5, 8, -1, 1.0, 1.0)),
    ("eigen_mm_sil6.5n2_18kph.log", -0.36+18, (15348,15483), (-0.5, 8, -1, 1.0, 1.0)))
    )


#Left vs Right
    ( 'MM OFF push to right',
    {"color":('tab:green', 'tab:green'),
        "marker":('>','>'), 
        "fillstyle":('full','full')} ,
        'raw', (
    ("eigen_normal_sil6.5n2_5.4kph.log", -0.18+5.4, (4486,4775), (-3.0, 5.5, 0.3, 1.0, 1.0)),
    ("eigen_normal_sil6.5n2_5.4kph.log", -0.18+5.4, (5420,5668), (-3.0, 5.5, 0.35, 1.0, 1.0)),
    ("eigen_normal_sil6.5n2_5.4kph.log", -0.18+5.4, (8984,9214), (-3.0, 5.5, 0.3, 1.0, 1.0)),
    ("eigen_normal_sil6.5n2_5.4kph.log", -0.18+5.4, (10600,10845), (-3.0, 5.5, 0.2, 1.0, 1.0)),
    ("eigen_normal_sil6.5n2_7.2kph.log", -0.18+7.2, (14886,15052), (-3.0, 7.5, 0.2, 1.0, 1.0)),
    ("eigen_normal_sil6.5n2_9kph.log", -0.18+9, (3002,3281), (-2.5, 8.5, 0.2, 1.0, 1.0)),
    ("eigen_normal_sil6.5n2_9kph.log", -0.18+9, (12487,12695), (-2.5, 8.5, 0.3, 1.0, 1.0)),
    ("eigen_normal_sil6.5n2_10.8kph.log", -0.18+10.8, (1573,1760), (-2.5, 9.5, 0.25, 1.0, 1.0)),
    ("eigen_normal_sil6.5n2_10.8kph.log", -0.18+10.8, (2601,2750), (-2.5, 9.5, 0.25, 1.0, 1.0)),
    ("eigen_normal_sil6.5n2_10.8kph.log", -0.18+10.8, (5682,5923), (-2.5, 9.5, 0.25, 1.0, 1.0)),
    ("eigen_normal_sil6.5n2_12.6kph.log", -0.18+12.6, (8749,8970), (-2.5, 10.0, 0.4, 1.0, 1.0)),
    ("eigen_normal_sil6.5n2_12.6kph.log", -0.18+12.6, (10872,11169), (-2.5, 10.0, 0.4, 1.0, 1.0)),
    ("eigen_normal_sil6.5n2_14.4kph.log", -0.18+14.4, (1410,1538), (-2.3, 10.0, 0.5, 1.0, 1.0)),
    ("eigen_normal_sil6.5n2_14.4kph.log", -0.18+14.4, (3400,3610), (-2.3, 10.0, 0.3, 1.0, 1.0)),
    ("eigen_normal_sil6.5n2_16.2kph.log", -0.18+16.2, (5041,5191), (-2.3, 10.0, 0.4, 1.0, 1.0)),
    ("eigen_normal_sil6.5n2_16.2kph.log", -0.18+16.2, (8035,8212), (-2.3, 10.0, 0.4, 1.0, 1.0)),
    ("eigen_normal_sil6.5n2_18kph.log", -0.18+18, (1964,2310), (-2.0, 9.5, 0.4, 1.0, 1.0)),
    ("eigen_normal_sil6.5n2_18kph.log", -0.18+18, (3831,4007), (-2.0, 9.5, 0.5, 1.0, 1.0)),
    ("eigen_normal_sil6.5n2_18kph.log", -0.18+18, (5549,5679), (-2.0, 9.5, 0.5, 1.0, 1.0)))
    ),

    ( 'MM OFF push to left',
    {"color":((238/256,179/256,19/256), (238/256,179/256,19/256)),
        "marker":('<','<'), 
        "fillstyle":('full','full')} ,
        'raw', (
    ("eigen_normal_sil6.5n2_5.4kph.log", 0.18+5.4, (6325,6499), (-3.0, 5.5, -0.4, 1.0, 1.0)),
    ("eigen_normal_sil6.5n2_5.4kph.log", 0.18+5.4, (7349,7532), (-3.0, 5.5, -0.4, 1.0, 1.0)),
    ("eigen_normal_sil6.5n2_5.4kph.log", 0.18+5.4, (9750,9925), (-3.0, 5.5, -0.25, 1.0, 1.0)),
    ("eigen_normal_sil6.5n2_7.2kph.log", 0.18+7.2, (9870,10039), (-3.0, 7.5, -0.25, 1.0, 1.0)),
    ("eigen_normal_sil6.5n2_7.2kph.log", 0.18+7.2, (11024,11137), (-3.0, 7.5, -0.4, 1.0, 1.0)),
    ("eigen_normal_sil6.5n2_7.2kph.log", 0.18+7.2, (12689,12854), (-3.0, 7.5, -0.25, 1.0, 1.0)),
    ("eigen_normal_sil6.5n2_7.2kph.log", 0.18+7.2, (13773,13934), (-3.0, 7.5, -0.35, 1.0, 1.0)),
    ("eigen_normal_sil6.5n2_9kph.log", 0.18+9, (2121,2273), (-2.5, 8.5, -0.3, 1.0, 1.0)),
    ("eigen_normal_sil6.5n2_9kph.log", 0.18+9, (8673,8765), (-2.5, 8.5, -0.3, 1.0, 1.0)),
    ("eigen_normal_sil6.5n2_9kph.log", 0.18+9, (9613,9940), (-2.5, 8.5, -0.4, 1.0, 1.0)),
    ("eigen_normal_sil6.5n2_9kph.log", 0.18+9, (11049,11416), (-2.5, 8.5, -0.4, 1.0, 1.0)),
    ("eigen_normal_sil6.5n2_10.8kph.log", 0.18+10.8, (3577,3815), (-2.5, 9.5, -0.4, 1.0, 1.0)),
    ("eigen_normal_sil6.5n2_10.8kph.log", 0.18+10.8, (6527,6772), (-2.5, 9.5, -0.4, 1.0, 1.0)),
    ("eigen_normal_sil6.5n2_10.8kph.log", 0.18+10.8, (7471,7705), (-2.5, 9.5, -0.4, 1.0, 1.0)),
    ("eigen_normal_sil6.5n2_10.8kph.log", 0.18+10.8, (8371,8581), (-2.5, 9.5, -0.4, 1.0, 1.0)),
    ("eigen_normal_sil6.5n2_10.8kph.log", 0.18+10.8, (9424,9585), (-2.5, 9.5, -0.5, 1.0, 1.0)),
    ("eigen_normal_sil6.5n2_10.8kph.log", 0.18+10.8, (10187,10470), (-2.5, 9.5, -0.4, 1.0, 1.0)),
    ("eigen_normal_sil6.5n2_12.6kph.log", 0.18+12.6, (2028,2246), (-2.5, 10.0, -0.4, 1.0, 1.0)),
    ("eigen_normal_sil6.5n2_12.6kph.log", 0.18+12.6, (3053,3175), (-2.5, 10.0, -0.5, 1.0, 1.0)),
    ("eigen_normal_sil6.5n2_12.6kph.log", 0.18+12.6, (3983,4231), (-2.5, 10.0, -0.5, 1.0, 1.0)),
    ("eigen_normal_sil6.5n2_12.6kph.log", 0.18+12.6, (4982,5191), (-2.5, 10.0, -0.5, 1.0, 1.0)),
    ("eigen_normal_sil6.5n2_12.6kph.log", 0.18+12.6, (6881,7073), (-2.5, 10.0, -0.4, 1.0, 1.0)),
    ("eigen_normal_sil6.5n2_12.6kph.log", 0.18+12.6, (7898,8076), (-2.5, 10.0, -0.4, 1.0, 1.0)),
    ("eigen_normal_sil6.5n2_12.6kph.log", 0.18+12.6, (9733,9992), (-2.5, 10.0, -0.5, 1.0, 1.0)),
    ("eigen_normal_sil6.5n2_14.4kph.log", 0.18+14.4, (2385,2677), (-2.3, 10.0, -0.4, 1.0, 1.0)),
    ("eigen_normal_sil6.5n2_14.4kph.log", 0.18+14.4, (4352,4573), (-2.3, 10.0, -0.6, 1.0, 1.0)),
    ("eigen_normal_sil6.5n2_14.4kph.log", 0.18+14.4, (5276,5581), (-2.3, 10.0, -0.6, 1.0, 1.0)),
    ("eigen_normal_sil6.5n2_14.4kph.log", 0.18+14.4, (6311,6560), (-2.3, 10.0, -0.6, 1.0, 1.0)),
    ("eigen_normal_sil6.5n2_14.4kph.log", 0.18+14.4, (7347,7559), (-2.3, 10.0, -0.6, 1.0, 1.0)),
    ("eigen_normal_sil6.5n2_14.4kph.log", 0.18+14.4, (8423,8653), (-2.3, 10.0, -0.6, 1.0, 1.0)),
    ("eigen_normal_sil6.5n2_16.2kph.log", 0.18+16.2, (1576,1828), (-2.3, 10.0, -0.4, 1.0, 1.0)),
    ("eigen_normal_sil6.5n2_16.2kph.log", 0.18+16.2, (2529,2695), (-2.3, 10.0, -0.5, 1.0, 1.0)),
    ("eigen_normal_sil6.5n2_16.2kph.log", 0.18+16.2, (5796,6034), (-2.3, 10.0, -0.6, 1.0, 1.0)),
    ("eigen_normal_sil6.5n2_16.2kph.log", 0.18+16.2, (13604,13800), (-2.3, 10.0, -0.6, 1.0, 1.0)),
    ("eigen_normal_sil6.5n2_18kph.log", 0.18+18, (2917,3221), (-2.0, 9.5, -0.5, 1.0, 1.0)),
    ("eigen_normal_sil6.5n2_18kph.log", 0.18+18, (4594,4874), (-2.0, 9.5, -0.5, 1.0, 1.0)),
    ("eigen_normal_sil6.5n2_18kph.log", 0.18+18, (6326,6542), (-2.0, 9.5, -0.5, 1.0, 1.0)),
    ("eigen_normal_sil6.5n2_18kph.log", 0.18+18, (7060,7310), (-2.0, 9.5, -0.5, 1.0, 1.0)),
    ("eigen_normal_sil6.5n2_18kph.log", 0.18+18, (12196,12360), (-2.0, 9.5, -0.5, 1.0, 1.0)),
    ("eigen_normal_sil6.5n2_18kph.log", 0.18+18, (12961,13073), (-2.0, 9.5, -0.5, 1.0, 1.0)))
    ),

    ( 'MM ON push to right',
    {"color":('tab:red', 'tab:red'),
        "marker":('>','>'), 
        "fillstyle":('none','none')} ,
        'raw', (
    ("eigen_mm_sil6.5n2_5.4kph.log", 5.4, (4047,4240), (-3, 5, 0.35, 1.0, 1.0)),
    ("eigen_mm_sil6.5n2_5.4kph.log", 5.4, (4947,5105), (-3, 5, 0.45, 1.0, 1.0)),
    ("eigen_mm_sil6.5n2_5.4kph.log", 5.4, (7658,7855), (-3, 5, 0.55, 1.0, 1.0)),
    ("eigen_mm_sil6.5n2_7.2kph.log", 7.2, (3388,3528), (-2.5, 7, 0.5, 1.0, 1.0)),
    ("eigen_mm_sil6.5n2_7.2kph.log", 7.2, (4202,4420), (-2.5, 7, 0.6, 1.0, 1.0)),
    ("eigen_mm_sil6.5n2_7.2kph.log", 7.2, (5061,5300), (-2.5, 7, 0.6, 1.0, 1.0)),
    ("eigen_mm_sil6.5n2_7.2kph.log", 7.2, (5958,6178), (-2.5, 7, 0.55, 1.0, 1.0)),
    ("eigen_mm_sil6.5n2_9kph.log", 9.0, (1308,1602), (-2.5, 8, 0.5, 1.0, 1.0)),
    ("eigen_mm_sil6.5n2_9kph.log", 9.0, (3775,4000), (-2.5, 8, 0.6, 1.0, 1.0)),
    ("eigen_mm_sil6.5n2_9kph.log", 9.0, (6948,7080), (-2.5, 8, 0.55, 1.0, 1.0)),
    ("eigen_mm_sil6.5n2_9kph.log", 9.0, (7922,8240), (-2.5, 8, 0.6, 1.0, 1.0)),
    ("eigen_mm_sil6.5n2_10.8kph.log", 10.8, (1440,1720), (-2, 8.5, 0.5, 1.0, 1.0)),
    ("eigen_mm_sil6.5n2_10.8kph.log", 10.8, (2586,2890), (-2, 8.5, 0.5, 1.0, 1.0)),
    ("eigen_mm_sil6.5n2_10.8kph.log", 10.8, (3894,4065), (-2, 8.5, 0.5, 1.0, 1.0)),
    ("eigen_mm_sil6.5n2_10.8kph.log", 10.8, (7224,7520), (-2, 8.5, 0.5, 1.0, 1.0)),
    ("eigen_mm_sil6.5n2_12.6kph.log", 12.6, (1501,1700), (-1.5, 9, 0.5, 1.0, 1.0)),
    ("eigen_mm_sil6.5n2_12.6kph.log", 12.6, (2311,2445), (-1.5, 9, 0.5, 1.0, 1.0)),
    ("eigen_mm_sil6.5n2_12.6kph.log", 12.6, (3165,3450), (-1.5, 9, 0.5, 1.0, 1.0)),
    ("eigen_mm_sil6.5n2_12.6kph.log", 12.6, (4180,4470), (-1.5, 9, 0.5, 1.0, 1.0)),
    ("eigen_mm_sil6.5n2_12.6kph.log", 12.6, (5237,5445), (-1.5, 9, 0.5, 1.0, 1.0)),
    ("eigen_mm_sil6.5n2_12.6kph.log", 12.6, (6500,6780), (-1.5, 9, 0.5, 1.0, 1.0)),
    ("eigen_mm_sil6.5n2_14.4kph.log", 14.4, (1767,1975), (-1, 9, 0.5, 1.0, 1.0)),
    ("eigen_mm_sil6.5n2_14.4kph.log", 14.4, (2523,2750), (-1, 9, 0.5, 1.0, 1.0)),
    ("eigen_mm_sil6.5n2_14.4kph.log", 14.4, (5346,5580), (-1, 9, 0.5, 1.0, 1.0)),
    ("eigen_mm_sil6.5n2_16.2kph.log", 16.2, (9988,10325), (-1, 8.5, 0.5, 1.0, 1.0)),
    ("eigen_mm_sil6.5n2_18kph.log", 18, (2928,3240), (-0.5, 8, 1, 1.0, 1.0)),
    ("eigen_mm_sil6.5n2_18kph.log", 18, (4308,4520), (-0.5, 8, 1, 1.0, 1.0)),
    ("eigen_mm_sil6.5n2_18kph.log", 18, (5508,5675), (-0.5, 8, 1, 1.0, 1.0)),
    ("eigen_mm_sil6.5n2_18kph.log", 18, (6931,7200), (-0.5, 8, 1, 1.0, 1.0)),
    ("eigen_mm_sil6.5n2_18kph.log", 18, (8232,8410), (-0.5, 8, 1, 1.0, 1.0)))
    ),

    ( 'MM ON push to left',
    {"color":('k', 'k'),
        "marker":('<','<'), 
        "fillstyle":('none','none')} ,
        'raw', (
    ("eigen_mm_sil6.5n2_5.4kph.log", 5.4, (5868,6025), (-3, 5, -0.5, 1.0, 1.0)),
    ("eigen_mm_sil6.5n2_5.4kph.log", 5.4, (6755,6910), (-3, 5, -0.6, 1.0, 1.0)),
    ("eigen_mm_sil6.5n2_7.2kph.log", 7.2, (6912,7120), (-2.5, 7, -0.5, 1.0, 1.0)),
    ("eigen_mm_sil6.5n2_9kph.log", 9.0, (2326,2560), (-2.5, 8, -0.6, 1.0, 1.0)),
    ("eigen_mm_sil6.5n2_9kph.log", 9.0, (5812,6134), (-2.5, 8, -0.5, 1.0, 1.0)),
    ("eigen_mm_sil6.5n2_10.8kph.log", 10.8, (5017,5355), (-2, 8.5, -0.5, 1.0, 1.0)),
    ("eigen_mm_sil6.5n2_12.6kph.log", 12.6, (8508,8735), (-1.5, 9, -0.5, 1.0, 1.0)),
    ("eigen_mm_sil6.5n2_14.4kph.log", 14.4, (3326,3435), (-1, 9, -0.5, 1.0, 1.0)),
    ("eigen_mm_sil6.5n2_14.4kph.log", 14.4, (4346,4670), (-1, 9, -0.5, 1.0, 1.0)),
    ("eigen_mm_sil6.5n2_16.2kph.log", 16.2, (4003,4195), (-1, 8.5, -0.5, 1.0, 1.0)),
    ("eigen_mm_sil6.5n2_16.2kph.log", 16.2, (4957,5060), (-1, 8.5, -0.5, 1.0, 1.0)),
    ("eigen_mm_sil6.5n2_16.2kph.log", 16.2, (5870,6090), (-1, 8.5, -0.5, 1.0, 1.0)),
    ("eigen_mm_sil6.5n2_16.2kph.log", 16.2, (6787,7000), (-1, 8.5, -0.5, 1.0, 1.0)),
    ("eigen_mm_sil6.5n2_16.2kph.log", 16.2, (7918,8280), (-1, 8.5, -0.5, 1.0, 1.0)),
    ("eigen_mm_sil6.5n2_16.2kph.log", 16.2, (9187,9360), (-1, 8.5, -0.5, 1.0, 1.0)),
    ("eigen_mm_sil6.5n2_18kph.log", 18, (10043,10260), (-0.5, 8, -1, 1.0, 1.0)),
    ("eigen_mm_sil6.5n2_18kph.log", 18, (14193,14377), (-0.5, 8, -1, 1.0, 1.0)),
    ("eigen_mm_sil6.5n2_18kph.log", 18, (15348,15483), (-0.5, 8, -1, 1.0, 1.0)))
    ),