[6]
[0]
[260]
[0]
[6]
[0]
[6]
[406]
[0]
[6]
[334]
[0]
[6]
[229]
[0]
[6]
[184]
[0]
[0]
[6]
[352]
[0]
[104]
[0]
[6]
[203]
[0]
[6]
[156]
[0]
[6]
[159]
[0]
[6]
[0]
[131]
[0]
[6]
[0]
[6]
[229]
[0]
[6]
[254]
[0]
[6]
[184]
[0]
[6]
[232]
[0]
[0]
[6]
[406]
[0]
[379]
[0]
[6]
[481]
[0]
[6]
[406]
[0]
[6]
[308]
[0]
[6]
[0]
[6]
[332]
[0]
[258]
[0]
[6]
[0]
[6]
[57]
[0]
[6]
[6]
[479]
[0]
[6]
[0]
[6]
[0]
[31]
[0]
[6]
[378]
[0]
[6]
[0]
[6]
[8]
[479]
[0]
[6]
[353]
[0]
[6]
[0]
[260]
[0]
[6]
[432]
[0]
[30]
[0]
[6]
[8]
[454]
[0]
[6]
[332]
[0]
[6]
[0]
[322]
[0]
[254]
[0]
[229]
[0]
[6]
[435]
[0]
[6]
[453]
[0]
[6]
[378]
[0]
[6]
[0]
[0]
[6]
[0]
[6]
[259]
[0]
[6]
[357]
[0]
[6]
[255]
[0]
[6]
[155]
[0]
[6]
[0]
[158]
[0]
[6]
[0]
[6]
[6]
[451]
[0]
[6]
[378]
[0]
[6]
[280]
[0]
[6]
[0]
[301]
[0]
[6]
[0]
[6]
[406]
[0]
[6]
[352]
[0]
[7]
[259]
[0]
[6]
[129]
[0]
[525]
[0]
[252]
[0]
[503]
[0]
[76]
[0]
[6]
[29]
[0]
[6]
[6]
[279]
[0]
[6]
[0]
[6]
[0]
[227]
[0]
[0]
[6]
[136]
[481]
[0]
[7]
[351]
[0]
[6]
[128]
[0]
[6]
[568]
[0]
[479]
[0]
[259]
[0]
[7]
[0]
[6]
[6]
[305]
[0]
[6]
[129]
[0]
[6]
[6]
[0]
[352]
[0]
[29]
[0]
[6]
[196]
[0]
[6]
[107]
[0]
[6]
[6]
[325]
[0]
[6]
[377]
[0]
[0]
[6]
[280]
[0]
[6]
[427]
[0]
[6]
[279]
[0]
[6]
[106]
[0]
[6]
[6]
[0]
[0]
[6]
[206]
[0]
[6]
[0]
[6]
[6]
[430]
[0]
[6]
[230]
[0]
[6]
[6]
[0]
[6]
[0]
[6]
[378]
[0]
[28]
[0]
[6]
[101]
[0]
[6]
[6]
[351]
[0]
[6]
[130]
[0]
[475]
[0]
[6]
[0]
[6]
[502]
[0]
[6]
[449]
[0]
[6]
[301]
[0]
[6]
[97]
[0]
[6]
[0]
[6]
[109]
[0]
[6]
[503]
[0]
[6]
[302]
[0]
[6]
[130]
[0]
[6]
[6]
[0]
[6]
[0]
[6]
[250]
[0]
[7]
[0]
[6]
[6]
[459]
[0]
[6]
[257]
[0]
[6]
[30]
[0]
[70]
[0]
[6]
[0]
[6]
[301]
[0]
[6]
[280]
[0]
[6]
[101]
[0]
[6]
[6]
[0]
[6]
[0]
[6]
[353]
[0]
[6]
[0]
[6]
[134]
[0]
[6]
[6]
[381]
[0]
[6]
[173]
[0]
[577]
[0]
[148]
[0]
[6]
[336]
[0]
[6]
[198]
[0]
[6]
[72]
[0]
[6]
[6]
[375]
[0]
[0]
[96]
[0]
[6]
[0]
[6]
[162]
[0]
[6]
[79]
[0]
[6]
[6]
[279]
[0]
[6]
[0]
[251]
[0]
[27]
[0]
[6]
[402]
[0]
[6]
[375]
[0]
[6]
[224]
[0]
[6]
[27]
[0]
[6]
[0]
[6]
[203]
[0]
[6]
[454]
[0]
[6]
[351]
[0]
[6]
[225]
[0]
[6]
[54]
[0]
[256]
[0]
[226]
[0]
[127]
[0]
[6]
[278]
[0]
[6]
[172]
[0]
[6]
[50]
[500]
[0]
[327]
[0]
[6]
[0]
[6]
[197]
[0]
[7]
[156]
[0]
[6]
[22]
[402]
[0]
[6]
[297]
[0]
[447]
[0]
[6]
[0]
[6]
[331]
[0]
[6]
[226]
[0]
[6]
[72]
[0]
[6]
[6]
[351]
[0]
[0]
[6]
[227]
[0]
[72]
[0]
[6]
[124]
[0]
[6]
[6]
[376]
[0]
[6]
[200]
[0]
[6]
[0]
[47]
[0]
[6]
[401]
[0]
[6]
[374]
[0]
[6]
[249]
[0]
[6]
[50]
[0]
[6]
[0]
[6]
[329]
[0]
[71]
[0]
[6]
[160]
[0]
[6]
[6]
[348]
[0]
[6]
[203]
[0]
[6]
[0]
[73]
[0]
[6]
[127]
[0]
[6]
[124]
[0]
[6]
[6]
[374]
[0]
[6]
[205]
[0]
[6]
[0]
[6]
[0]
[6]
[350]
[0]
[6]
[348]
[0]
[6]
[223]
[0]
[6]
[98]
[0]
[6]
[0]
[73]
[0]
[6]
[0]
[6]
[98]
[0]
[6]
[52]
[0]
[6]
[6]
[347]
[0]
[6]
[498]
[0]
[170]
[0]
[6]
[327]
[0]
[6]
[300]
[0]
[6]
[125]
[0]
[6]
[6]
[231]
[0]
[25]
[0]
[6]
[0]
[6]
[222]
[0]
[6]
[204]
[0]
[6]
[66]
[0]
[6]
[6]
[321]
[0]
[570]
[0]
[99]
[0]
[47]
[0]
[6]
[176]
[0]
[6]
[47]
[418]
[0]
[6]
[248]
[0]
[6]
[0]
[6]
[374]
[0]
[52]
[0]
[6]
[51]
[0]
[6]
[7]
[399]
[0]
[6]
[253]
[0]
[6]
[0]
[90]
[0]
[6]
[400]
[0]
[6]
[330]
[0]
[6]
[172]
[0]
[6]
[6]
[399]
[0]
[0]
[6]
[0]
[6]
[445]
[0]
[6]
[0]
[6]
[6]
[399]
[0]
[6]
[274]
[0]
[6]
[426]
[0]
[41]
[0]
[6]
[299]
[0]
[6]
[274]
[0]
[6]
[152]
[0]
[6]
[6]
[399]
[0]
[274]
[0]
[130]
[0]
[76]
[0]
[6]
[253]
[0]
[6]
[99]
[0]
[6]
[6]
[347]
[0]
[6]
[0]
[51]
[0]
[6]
[398]
[0]
[6]
[398]
[0]
[6]
[253]
[0]
[6]
[98]
[0]
[6]
[246]
[0]
[192]
[0]
[6]
[398]
[0]
[6]
[423]
[0]
[6]
[152]
[0]
[6]
[6]
[225]
[0]
[6]
[0]
[6]
[472]
[0]
[96]
[0]
[6]
[6]
[350]
[0]
[6]
[123]
[0]
[6]
[6]
[0]
[6]
[0]
[6]
[321]
[0]
[6]
[0]
[6]
[50]
[0]
[6]
[6]
[325]
[0]
[6]
[164]
[0]
[0]
[6]
[148]
[0]
[6]
[0]
[6]
[6]
[398]
[0]
[6]
[273]
[0]
[6]
[75]
[0]
[6]
[0]
[43]
[0]
[6]
[0]
[6]
[71]
[0]
[6]
[6]
[398]
[0]
[6]
[246]
[0]
[6]
[0]
[193]
[0]
[6]
[0]
[6]
[64]
[0]
[6]
[6]
[314]
[0]
[6]
[147]
[0]
[6]
[272]
[0]
[322]
[0]
[6]
[0]
[6]
[99]
[0]
[6]
[6]
[398]
[0]
[6]
[247]
[0]
[6]
[0]
[6]
[543]
[0]
[466]
[0]
[68]
[0]
[6]
[6]
[298]
[0]
[6]
[95]
[453]
[0]
[68]
[0]
[0]
[6]
[393]
[0]
[102]
[0]
[6]
[147]
[0]
[6]
[45]
[470]
[0]
[6]
[277]
[0]
[0]
[6]
[495]
[0]
[195]
[0]
[6]
[170]
[0]
[6]
[47]
[570]
[0]
[23]
[349]
[0]
[271]
[0]
[22]
[0]
[6]
[495]
[0]
[24]
[0]
[6]
[6]
[294]
[0]
[6]
[6]
[495]
[0]
[0]
[191]
[0]
[6]
[469]
[0]
[6]
[0]
[6]
[6]
[299]
[0]
[6]
[128]
[0]
[6]
[376]
[0]
[188]
[0]
[6]
[494]
[0]
[100]
[0]
[6]
[6]
[396]
[0]
[6]
[173]
[0]
[6]
[0]
[273]
[0]
[6]
[0]
[6]
[0]
[6]
[6]
[340]
[0]
[6]
[271]
[0]
[6]
[94]
[0]
[65]
[0]
[21]
[0]
[6]
[398]
[0]
[6]
[396]
[0]
[6]
[226]
[0]
[6]
[6]
[0]
[6]
[0]
[6]
[0]
[6]
[176]
[0]
[6]
[93]
[0]
[6]
[6]
[339]
[0]
[6]

260
406
334
229
184
352
104
203
156
159
131
229
254
184
232
406
379
481
406
308
332
258
57
479
31
378
8
479
353
260
432
30
8
454
332
322
254
229
435
453
378
259
357
255
155
158
451
378
280
301
406
352
7
259
129
525
252
503
76
29
279
227
136
481
7
351
128
568
479
259
7
305
129
352
29
196
107
325
377
280
427
279
106
206
430
230
378
28
101
351
130
475
502
449
301
97
109
503
302
130
250
7
459
257
30
70
301
280
101
353
134
381
173
577
148
336
198
72
375
96
162
79
279
251
27
402
375
224
27
203
454
351
225
54
256
226
127
278
172
50
500
327
197
7
156
22
402
297
447
331
226
72
351
227
72
124
376
200
47
401
374
249
50
329
71
160
348
203
73
127
124
374
205
350
348
223
98
73
98
52
347
498
170
327
300
125
231
25
222
204
66
321
570
99
47
176
47
418
248
374
52
51
7
399
253
90
400
330
172
399
445
399
274
426
41
299
274
152
399
274
130
76
253
99
347
51
398
398
253
98
246
192
398
423
152
225
472
96
350
123
321
50
325
164
148
398
273
75
43
71
398
246
193
64
314
147
272
322
99
398
247
543
466
68
298
95
453
68
393
102
147
45
470
277
495
195
170
47
570
23
349
271
22
495
24
294
495
191
469
299
128
376
188
494
100
396
173
273
340
271
94
65
21
398
396
226
176
93
339