command,kg_push,kg_pull,arm_in_mm
-0.1,0.0,0.0,315
-0.2,0.0,0.0,
-0.3,0.0,0.0,
-0.4,0.09,0.0,
-0.5,0.165,0.0,
-0.6,0.245,0.0,
-0.7,0.380,0.0,
-0.8,0.550,0.03,
-0.9,0.615,0.05,
-1.0,0.615,0.08,
-1.1,0.750,0.100,
-1.2,0.645,0.130,
-1.3,0.805,0.235,
-1.4,1.000,0.255,
-1.5,0.960,0.450,
-1.6,1.105,0.450,
-1.7,1.030,0.500,
-1.8,1.100,0.590,
-1.9,0.955,0.555,
-2.0,1.045,0.590,
-2.1,1.500,0.590,
-2.2,1.420,0.685,
-2.3,1.405,0.735,
-2.4,1.405,0.810,
-2.5,1.405,0.790,
-2.6,1.545,0.840,
-2.7,1.565,0.885,
-2.8,1.540,1.000,
-2.9,1.620,0.960,
-3.0,1.685,1.080,
-3.1,1.860,0.925,
-3.2,1.915,1.125,
-3.3,1.955,1.045,
-3.4,1.860,1.355,
-3.5,1.970,1.085,
-3.6,1.840,1.085,
-3.7,1.840,1.365,
-3.8,1.790,1.500,
-3.9,1.900,1.435,
-4.0,2.380,1.400,
-4.1,2.225,1.455,
-4.2,2.500,1.595,
-4.3,2.165,1.540,
-4.4,2.400,1.540,
-4.5,2.315,1.500,
-4.6,2.575,1.640,
-4.7,2.500,1.395,
-4.8,2.500,1.705,
-4.9,2.350,1.765,
-5.0,2.635,2.045,
-5.1,2.635,1.800,
-5.2,3.065,2.200,
-5.3,3.065,1.960,
-5.4,2.960,2.070,
-5.5,3.075,1.695,
-5.6,2.960,2.240,
-5.7,3.165,2.115,
-5.8,3.080,2.115,
-5.9,2.925,2.225,
-6.0,3.340,2.390,